eye 100 30 75
look 0 0 0
up 0 1 0
d 50
bounds -15 -15 15 15
res 512 512
recursionLevel 5
ambient 0.4 0.4 0.4
light -90 120 40 1 0.5 0.5 0.5
light 90 75 -100 1 0.5 0.6 0.6

model 1.0 0.0 0.0 90 350 0 0 0 sharp board.obj
sphere 0 87 0 75 0.1 0.1 0.1 .5 .5 .5 .5 .5 .5 .5 .5 .6 1 1 1 1

sphere -1.00 3.00 -15.00 3.00 0.47 0.53 0.76 0.32 0.67 0.08 0.89 0.05 0.09 0.59 0.30 0.35 0.55 0.54 0.87
sphere -30.00 2.00 7.00 2.00 0.34 0.19 0.36 0.82 0.81 0.62 0.74 0.07 0.27 0.44 0.97 0.86 0.55 0.50 0.46
sphere -33.00 3.00 34.00 3.00 0.61 0.03 0.86 0.86 0.60 0.47 0.89 0.52 0.83 0.53 0.41 0.78 0.60 0.60 0.73
sphere -15.00 2.00 0.00 2.00 0.87 0.14 0.70 0.73 0.42 0.51 0.16 0.81 0.75 0.39 0.17 0.08 0.94 0.81 0.72
sphere 24.00 2.00 4.00 2.00 0.44 0.25 0.85 0.75 0.31 0.24 0.58 0.38 0.73 0.24 0.90 0.13 0.82 0.94 0.96
sphere -4.00 3.00 4.00 3.00 0.85 0.30 0.42 0.05 0.75 0.25 0.45 0.17 0.97 0.53 0.86 0.52 0.49 0.46 0.71
sphere 5.00 2.00 27.00 2.00 0.79 0.72 0.61 0.28 0.83 0.70 0.44 0.80 0.80 0.87 0.14 0.42 0.61 0.78 0.80
sphere 27.00 2.00 -3.00 2.00 0.66 0.14 0.99 0.88 0.56 0.28 0.67 0.32 0.38 0.51 0.11 0.13 0.96 1.00 0.83
sphere -15.00 2.00 -29.00 2.00 0.54 0.16 0.95 0.85 0.20 0.92 0.56 0.83 0.41 0.27 0.72 0.04 0.64 0.99 0.47
sphere 0.00 3.00 15.00 3.00 0.13 0.61 0.82 0.14 0.65 0.25 0.56 0.57 0.73 0.69 0.72 0.86 0.52 0.65 0.44
sphere 19.00 3.00 13.00 3.00 0.59 0.11 0.23 0.48 0.22 0.89 0.64 0.46 0.37 0.86 0.05 0.98 0.79 0.56 0.83
sphere -31.00 2.00 16.00 2.00 0.75 0.43 0.66 0.52 0.70 0.10 0.34 0.28 0.32 0.63 0.73 0.38 0.89 0.54 0.73
sphere 8.00 3.00 19.00 3.00 0.25 0.80 0.08 0.97 0.93 0.05 0.73 0.74 0.72 0.77 0.42 0.14 0.70 0.71 0.76
sphere -30.00 3.00 -10.00 3.00 0.07 0.23 0.06 0.90 0.27 0.53 0.74 0.41 0.56 0.90 0.49 0.70 0.43 0.80 0.58
sphere 9.00 2.00 3.00 2.00 0.61 0.32 0.70 0.17 0.76 0.05 1.00 0.20 0.07 0.22 0.06 0.12 0.51 0.75 0.45
sphere -32.00 2.00 -21.00 2.00 0.31 0.21 0.90 0.70 0.55 0.59 0.56 0.60 0.73 0.23 0.59 0.85 0.87 0.98 0.50
sphere 22.00 2.00 -23.00 2.00 0.80 0.37 0.92 0.54 0.86 0.07 0.45 0.08 0.08 0.90 0.62 0.57 0.99 0.44 0.93
sphere 16.00 2.00 -35.00 2.00 0.87 0.50 0.33 0.08 0.52 0.40 0.85 0.69 0.15 0.35 0.94 0.61 0.86 0.93 0.94
sphere -27.00 3.00 0.00 3.00 0.01 0.22 0.61 0.42 0.21 0.69 0.77 0.08 0.71 0.09 0.80 0.75 0.90 0.90 0.62
sphere -15.00 3.00 12.00 3.00 0.06 0.01 0.43 0.91 0.06 0.83 0.18 0.94 1.00 0.28 0.38 0.53 0.55 0.53 0.71
sphere 16.00 3.00 -1.00 3.00 0.89 0.63 0.05 0.33 0.62 0.96 0.96 0.52 0.79 0.93 0.14 0.63 0.47 0.69 0.64
sphere -26.00 3.00 22.00 3.00 0.33 0.96 0.65 0.38 0.81 0.75 0.96 0.72 0.10 0.21 0.96 0.81 0.98 0.70 0.57
sphere -14.00 2.00 -12.00 2.00 0.69 0.94 0.16 0.84 0.71 0.24 0.58 0.65 0.51 0.78 0.18 0.51 0.47 0.68 0.85
sphere 38.00 3.00 28.00 3.00 0.87 0.10 0.40 0.96 0.74 0.29 0.17 0.76 0.31 0.13 0.81 0.89 0.93 0.62 0.92
sphere -35.00 2.00 -25.00 2.00 0.72 0.76 0.10 0.50 0.49 0.49 0.05 0.45 0.09 0.66 0.27 0.16 0.61 0.83 0.47
sphere 26.00 2.00 -32.00 2.00 0.86 0.69 0.28 0.75 0.10 0.75 1.00 0.72 0.38 0.84 0.08 0.64 0.50 0.77 0.78
sphere 24.00 3.00 29.00 3.00 0.44 0.69 0.22 0.34 0.63 0.87 0.74 0.62 0.66 0.15 0.30 0.06 0.89 0.91 0.94
sphere 2.00 2.00 0.00 2.00 0.35 0.47 0.55 0.44 0.23 0.44 0.50 0.80 0.62 0.14 0.50 0.52 0.84 0.42 0.85
sphere 31.00 3.00 -17.00 3.00 0.30 0.12 0.91 0.44 0.83 0.26 0.84 0.33 0.43 0.58 0.04 0.63 0.57 0.71 0.72
sphere 34.00 3.00 8.00 3.00 0.17 0.14 0.41 0.08 0.41 0.32 0.09 0.64 0.87 0.08 0.45 0.92 0.47 0.49 0.93
sphere -10.00 2.00 20.00 2.00 0.56 0.97 0.01 0.32 0.73 0.18 0.69 0.51 0.37 0.61 0.94 0.15 0.77 0.88 0.93
sphere -9.00 3.00 -35.00 3.00 0.87 0.80 0.14 0.99 0.72 0.94 0.02 0.16 0.24 0.60 0.24 0.10 0.91 0.96 0.80
sphere 0.00 3.00 27.00 3.00 0.21 0.09 0.79 0.14 0.45 0.32 0.89 0.61 0.58 0.89 0.82 0.34 0.60 0.74 0.67
sphere 30.00 2.00 14.00 2.00 0.99 0.36 0.61 0.51 0.67 0.33 0.82 0.59 0.91 0.74 0.91 0.57 0.92 0.96 0.71
sphere 30.00 2.00 -7.00 2.00 0.07 0.91 0.05 0.61 0.46 0.64 0.69 0.20 0.92 0.69 0.91 0.53 0.69 0.67 0.83
sphere -26.00 2.00 32.00 2.00 0.63 0.47 0.05 0.72 0.22 0.41 0.88 0.24 0.12 0.75 0.12 0.38 0.50 0.49 0.89
sphere 12.00 3.00 -22.00 3.00 0.24 0.70 0.49 0.64 0.90 0.29 0.69 0.56 0.41 0.76 0.10 0.15 0.91 0.54 0.59
sphere 20.00 2.00 7.00 2.00 0.78 0.02 0.75 0.85 0.30 0.75 0.24 0.35 0.15 0.90 0.86 0.33 0.89 0.79 0.82
sphere 33.00 2.00 -28.00 2.00 0.35 0.68 0.83 0.41 0.87 0.72 0.23 0.34 0.86 0.53 0.89 0.61 0.50 0.53 0.89
sphere -11.00 2.00 6.00 2.00 0.07 0.20 0.38 0.15 0.21 0.95 0.07 0.67 0.21 0.83 0.42 0.02 0.43 0.92 0.49
sphere 0.00 3.00 -26.00 3.00 0.66 0.93 0.37 0.09 0.07 0.24 0.41 0.86 0.16 0.25 0.82 0.86 0.80 0.73 0.95
sphere -14.00 2.00 -17.00 2.00 0.88 1.00 0.05 0.91 0.85 0.64 0.35 0.61 0.03 0.02 1.00 0.69 0.59 0.54 0.93
sphere 8.00 2.00 -10.00 2.00 0.32 0.90 0.36 0.13 0.01 0.63 0.65 0.22 0.67 0.08 0.29 0.80 0.77 0.58 0.73
sphere -4.00 3.00 -8.00 3.00 0.08 0.33 0.88 0.30 0.52 0.13 0.52 0.93 0.00 0.13 0.44 0.23 0.41 0.83 0.59
sphere 12.00 3.00 13.00 3.00 0.91 0.60 0.10 0.21 0.09 0.69 0.00 0.94 0.71 0.06 0.83 0.86 0.97 0.43 0.77
